0	34236
00	1044
000	592
0000	48
00000	6
000000	10
0000000	1
00000000	4
000000000	1
0000000001	1
0000000001in	1
000000001	1
00000000751	1
00000001	4
0000001	1
00000010	1
00000011	1
0000007f	1
000000ff	1
000001	2
00000100	1
00000200	1
000009202disc	1
00001	6
00001000	2
00001001	1
00001101	1
000016	1
0000162696external	1
0000199999	1
000021	1
00005q005	1
000076	1
000077112e01	1
0000a	2
0000aa	3
0000day	1
0000m	1
0000pm	1
0000utc	1
0001	18
00010	3
00010000	1
00010005	1
00010110	1
000103802	1
00011	2
0001100001	1
000112	1
00013rd	1
000146	1
00015	1
00015195204	1
00015th	1
0001championship	1
0001continental	1
0001jpgfilesainthippolyte	1
0002	7
000202	1
000220	1
00022500	1
000234	1
0002in	1
0003	7
000317its	1
00032	1
000320	1
00034	1
000361	1
000391	1
000398	1
0004	2
000425	1
00042595	1
000466	1
000477	1
0004jpgfilesainthippolyte	1
0005	3
00052210040	1
00058	1
000593	1
0005jpgfilesainthippolyte	1
0006	2
000640000647	1
00066	1
000698	1
0006jpgfilesainthippolyte	1
0007	1
000714	1
00073a	1
00075	1
0008	5
000817	1
000877	1
000880	1
0009	1
000992	1
000a	1
000aa	1
000according	1
000boston	2
000buffalo	1
000certifications	1
000chicago	2
000colorado	1
000detroit	2
000edmonton	1
000ew	2
000hz	1
000it	1
000km	2
000kocierzyna	1
000l	1
000los	1
000m	6
000mhz	1
000montreal	2
000new	2
000ottawa	1
000philadelphia	1
000pittsburgh	1
000puck	1
000references	1
000s	2
000st	3
000usa	1
000washington	1
001	120
0010	7
00100	2
00100000	1
001001	1
001009	1
00101	2
0010100001110010endbmatrix	1
001028	1
001030	1
001041	1
00106	1
001067	1
001099	5
0010jpgfilesainthippolyte	1
0011	2
00110	4
001100001400	1
00110010	1
00111	3
001110	2
001139	2
001139intestinal	1
001145	1
0011556543	1
001157	1
00117jpgoutside	1
0011super	1
0012	1
001206650	1
001244	1
001245	1
00125	1
001274	1
0012jpgfilesainthippolyte	1
0012lbft	1
0013	3
00130013	1
001369	1
001391	1
0014	1
001475	1
00147the	1
0014861	1
001530kentucky	1
001540	1
00154806	1
001584	1
001592	2
001597	1
0016	4
001608	1
001641	1
001649texas	1
0017	1
001721	1
001744	1
00179077	1
0018	3
00180485	1
001850	1
001854	1
0019	2
00191	1
001918	1
001998	1
001applications1982	1
001c	1
001ccm	1
001f	2
001fifth	1
001georges	1
001governmentrun	1
001heinrich	1
001hz	3
001inches	1
001jeanclaude	1
001jpga	1
001jpgimage	1
001jpgrila	1
001jpgvstertorp	1
001km	1
001mgml	1
001mm	1
001mucus	1
001nancy	3
001references	1
001s	2
001tgv	1
002	62
0020	2
002004	1
002024	1
002029	1
0021	3
002109	1
002120	1
00214	1
00215	1
002176	1
0022	2
002214	1
00222	1
002233	1
002251	1
0022747	1
00238279	1
0024	4
002412	1
002430	1
002433	1
0024507	2
00246in	1
002477	2
00249645	1
002521	1
002529	1
002552	1
0025inches	1
0026	2
002606	1
00261	1
002630	1
0027	1
002712002745	1
0028	3
00281697	1
002832	1
002841	1
002846	2
0028km	1
002903	1
002905	1
002annie	1
002industrial	1
002jeanclaude	3
002jpgammi	1
002jpgplatformfilejohn	1
002jpgthe	1
002marielle	1
002n	1
002nancy	1
002sanity	1
003	69
0030	4
0030226767	1
0030428769	1
003057	1
00308730	1
0030utc0030	1
0031	6
00310042	1
003116	1
003128	1
003131	1
003137	1
003182	1
003191	1
003264	1
0033	1
003302	1
00334284961	1
003368	1
0034	2
003443	1
003472	1
0034n	1
0035	3
003551	1
0036	2
003698	1
0037	1
003725	1
00373	1
003795	1
0038	1
003818	1
003852	1
003860	1
003862	1
003882	1
003888	2
00389	1
003890	1
003891	1
0039	2
003915	1
003921	1
003951	1
003980	1
003erika	1
003external	1
003jeanclaude	3
003korea	1
003marielle	2
003n	3
004	56
0040	1
004002	1
004008	1
00404473	1
0040a	1
0041	2
004122	1
004126	1
0042	2
0043	1
004300	1
004301	1
004320	1
004326	1
004330	1
00439nkvd	1
0044	2
004412it	1
004442	1
00446947port	1
00447	1
00447traitor	1
0045	3
004501	1
0045hrs	1
0046	1
004669it	1
004685	1
0047	3
004732	1
0048	2
004818along	1
004842004846	1
00485	1
00486kharbin	1
004898it	1
0048cristo	1
0048hrs	1
0049	3
004929it	1
00493	1
004976	1
004985	1
004991	1
0049u	1
004act	1
004all	1
004annie	1
004au	1
004b	1
004christine	1
004guy	1
004isabelle	1
004jeanclaude	2
004km	1
004standard	1
005	39
0050	1
00501	1
00502	1
005119	1
005132	1
005153	1
0052	1
005221	1
005252	1
005282	1
005296	1
0052kg	1
0053	2
005306	1
005325	1
005331	1
005340	1
005359	1
005372	1
005389	2
0054	3
005447	1
005497	1
0054the	1
0055	4
005535	1
005613	1
005616	1
005648	1
005662	1
0057	1
005733	1
005800	1
00584	1
005844	1
005850	2
005853	1
005855	1
005857	1
0058km	1
005901	1
005913	1
00593national	1
00593nkvd	1
005950	1
005981	1
005all	1
005burgl	1
005cml	1
005for	1
005guy	1
005jeanclaude	2
005jpgtown	1
005km	2
005mm	1
005nancy	1
005the	1
006	52
0060	1
006005	1
006047	2
006053	1
0060615bauer	1
006145	1
006146	1
006148	1
006153	1
006162	1
006177	1
006185	1
0062	1
006200	1
006211	1
006252	1
006306	1
006313	1
006330	1
006342	1
00635	1
006397	1
006408	1
006439	1
006448	1
0065	1
006503	1
00654	1
006556	1
00656275	1
006635	1
00663724	1
006640	1
006659it	1
0066ff	1
006710	1
006749	1
006752	1
00675km	1
006780	1
0068	1
006815	1
006829	1
006839it	1
006883	1
00689	1
006896	1
006927	1
006933u	1
00694	1
006all	1
006e	2
006jeanclaude	1
006jpgmedieval	1
006jpgprotestant	1
006km	1
006marielle	1
006nancy	1
006triviaenglish	1
007	130
007001	1
